%YAML:1.0
---
K1: !!opencv-matrix
   rows: 3
   cols: 3
   dt: d
   data: [ 1.4345073399733490e+03, 0., 3.5918729290643984e+02, 0.,
       1.4416108690691881e+03, 2.8981445709827096e+02, 0., 0., 1. ]
D1: !!opencv-matrix
   rows: 1
   cols: 5
   dt: d
   data: [ 6.3150411758202596e-01, -8.4525814091031979e+00,
       -8.3110405250641974e-03, 4.9503746209076365e-03,
       6.2826186995811149e+01 ]
K2: !!opencv-matrix
   rows: 3
   cols: 3
   dt: d
   data: [ 1.4617549258497443e+03, 0., 3.7545562634611730e+02, 0.,
       1.4682800043137704e+03, 2.0199237907387783e+02, 0., 0., 1. ]
D2: !!opencv-matrix
   rows: 1
   cols: 5
   dt: d
   data: [ 4.6994724079244915e-01, -4.0064364803359167e+00,
       -3.7547869519558861e-03, 2.0327240747506255e-02,
       2.9243028784357580e+01 ]
R: !!opencv-matrix
   rows: 3
   cols: 3
   dt: d
   data: [ 9.9985656845565996e-01, 2.2824753945151115e-03,
       -1.6781919501224450e-02, -1.3040031648869439e-03,
       9.9831070040474279e-01, 5.8086530565510289e-02,
       1.6886150888171921e-02, -5.8056315448583445e-02,
       9.9817048751439075e-01 ]
T: !!opencv-matrix
   rows: 3
   cols: 1
   dt: d
   data: [ -4.2141936569689883e-02, 8.1088806122434781e-04,
       6.1161163515622823e-03 ]
E: !!opencv-matrix
   rows: 3
   cols: 3
   dt: d
   data: [ 2.1668213234505533e-05, -6.1528615717609727e-03,
       4.5414055199466662e-04, 6.8268542071841685e-03,
       -2.4326456780216781e-03, 4.1962197198295845e-02,
       -7.5581853563609896e-04, -4.2072597045346799e-02,
       -2.4342706284771164e-03 ]
F: !!opencv-matrix
   rows: 3
   cols: 3
   dt: d
   data: [ 5.8982235886469667e-08, -1.6665947215044153e-05,
       6.5821834216693324e-03, 1.8500541525569306e-05,
       -6.5599026810728105e-06, 1.5838260391964340e-01,
       -6.7665069602173260e-03, -1.5899911681897561e-01, 1. ]
R1: !!opencv-matrix
   rows: 3
   cols: 3
   dt: d
   data: [ 9.8691061812787539e-01, -8.4113952895109936e-03,
       -1.6104868908419814e-01, 1.3067238752038775e-02,
       9.9952608045534053e-01, 2.7872239970651962e-02,
       1.6073792053480210e-01, -2.9611871249010682e-02,
       9.8655281560759811e-01 ]
R2: !!opencv-matrix
   rows: 3
   cols: 3
   dt: d
   data: [ 9.8945257134699849e-01, -1.9038880093376710e-02,
       -1.4360059226759084e-01, 1.4879008495113456e-02,
       9.9943954345047370e-01, -2.9986898701118557e-02,
       1.4409102734388143e-01, 2.7533979594290912e-02,
       9.8918130583158803e-01 ]
P1: !!opencv-matrix
   rows: 3
   cols: 4
   dt: d
   data: [ 1.4115754476856223e+03, 0., 5.9954381084442139e+02, 0., 0.,
       1.4115754476856223e+03, 2.5161185264587402e+02, 0., 0., 0., 1.,
       0. ]
P2: !!opencv-matrix
   rows: 3
   cols: 4
   dt: d
   data: [ 1.4115754476856223e+03, 0., 5.9954381084442139e+02,
       -6.0120641152831297e+01, 0., 1.4115754476856223e+03,
       2.5161185264587402e+02, 0., 0., 0., 1., 0. ]
Q: !!opencv-matrix
   rows: 4
   cols: 4
   dt: d
   data: [ 1., 0., 0., -5.9954381084442139e+02, 0., 1., 0.,
       -2.5161185264587402e+02, 0., 0., 0., 1.4115754476856223e+03, 0.,
       0., 2.3479048470179965e+01, 0. ]
